3.0957
3.34933
2.41297
3.09688
1.49943
3.18925
4.61931
1.98407
-1.48947
3.63234
4.13497
9.0625
-0.575434
3.99837
-1.1251
2.41227
5.11659
2.27665
-0.527026
6.92364
-3.69029
1.32626
4.22835
2.12265
3.84669
0.577466
2.74685
1.76231
6.64866
0.928041
3.83866
2.53444
4.65935
4.97177
-1.7711
4.25249
3.65879
-2.49631
1.9575
3.54491
4.60098
4.95694
4.14191
8.46637
1.78882
7.10085
4.61777
3.45623
4.19225
1.09207
-0.790737
4.46912
3.77565
3.98293
-0.174966
1.41266
1.02757
3.7637
0.423978
3.14772
-0.102251
-1.02363
5.37426
2.25778
-0.861995
5.60192
5.08984
2.32433
1.17895
2.26749
0.627457
4.65015
-1.00034
-0.495669
0.929436
2.9031
7.88998
4.10024
1.23483
-0.180248
2.12945
0.306724
-0.383698
3.09253
5.11963
2.5994
1.98484
4.89104
1.05024
3.84351
1.95989
-0.28049
2.80777
9.52513
9.07949
2.4993
1.79974
3.7287
0.99073
1.6783
3.07472
4.43484
4.2082
3.94173
9.29828
3.80236
1.37727
-1.57972
2.91373
4.14006
2.50768
1.26239
-0.528706
2.11874
8.33714
1.30624
3.34459
-0.253176
4.32393
1.81775
5.42728
0.2518
3.19627
0.259986
2.59228
4.73983
3.38213
7.90775
-0.51282
1.65037
0.0443369
3.6297
0.712296
5.20447
4.78995
4.42974
2.79819
2.78728
4.11224
0.248435
0.584455
6.06781
3.35819
2.88555
2.41514
4.83863
3.4518
3.95414
8.10455
3.96599
4.50461
4.19289
2.11667
9.06352
1.42254
1.02662
1.15789
1.65756
5.62246
2.70528
0.0212433
4.40901
2.20096
2.78317
0.63172
4.26331
-0.269997
2.29483
3.83366
0.835036
4.16372
2.20657
4.0648
8.35511
-1.11465
-1.52904
3.80581
3.08598
6.97025
2.15361
2.32794
6.65465
6.3313
3.9558
3.32691
4.96397
1.79332
2.85818
3.49523
3.1296
2.08142
4.66217
7.06557
6.62473
1.75235
10.0529
4.62685
0.731691
6.02638
0.0968212
3.96528
2.83559
3.97761
-1.38836
2.98167
4.6773
3.79808
-0.673998
1.34898
2.37078
4.29138
0.779867
2.07227
-0.53148
-1.13606
-0.139952
2.92434
4.24043
-0.338907
3.70011
-1.1952
0.868602
4.72514
2.90137
3.9549
2.66031
4.92501
4.71228
4.4963
3.49312
1.79746
3.85641
4.24589
5.15914
3.43778
7.64146
-1.14996
1.51602
2.12867
-1.16299
6.56618
3.42841
0.907987
-3.21627
1.01065
4.58209
1.81052
2.9679
4.4287
0.0861629
2.59869
8.39519
-1.26798
7.96121
7.9395
3.57455
3.94148
1.65987
1.05284
-0.0629605
4.01997
2.30096
-2.09753
7.05984
-0.546749
4.21353
8.28509
-1.85665
1.12519
7.22769
2.9632
1.05206
4.44146
3.292
3.02239
4.20432
1.90938
0.980666
4.00499
4.26318
3.81192
1.61008
2.68218
5.70907
1.85255
4.29292
3.00795
0.563386
4.59418
4.27252
2.50444
3.47892
3.02753
-0.0597232
2.95351
3.41572
2.4461
4.98521
2.75298
2.73104
2.37799
-1.2435
6.93851
2.90674
-1.06635
-1.39141
3.60055
7.73331
5.76204
1.83911
4.34332
6.91256
2.65031
3.48787
5.2768
4.33232
3.8532
4.57122
5.9318
4.72055
1.63201
2.7741
0.139951
2.23145
2.55193
0.830607
3.66772
8.8197
3.11223
3.09656
5.00259
0.104779
2.21534
3.17268
2.57729
1.43458
5.23605
1.6885
7.25841
-0.266645
1.07395
9.05678
-0.0190666
1.50596
3.72612
5.22456
9.48668
5.2926
7.35106
4.40852
4.08402
-1.3853
2.54644
5.04935
4.29615
1.85452
0.83052
1.54434
2.99
-2.11232
3.94516
1.75121
3.33177
2.55926
2.7473
0.347626
5.17499
4.67199
4.0321
3.82578
3.79886
1.75307
1.65824
8.6862
8.46658
-0.065577
3.76753
3.3238
0.644301
0.109358
5.03604
5.14228
0.0893943
0.226449
0.752815
2.20987
3.43647
2.81768
0.759879
5.16275
5.51854
-0.705808
-1.99974
4.94406
3.87177
4.9825
3.13535
7.94313
8.65961
3.26165
4.91575
6.84618
7.90012
6.00477
5.13659
2.43102
3.18849
1.39198
3.82456
1.08567
2.57279
2.21832
6.88577
3.22197
8.39587
6.61907
1.31321
3.43083
-1.77156
4.30361
10.5384
-2.02771
3.78072
4.46871
3.53386
-0.57336
0.131505
-0.210354
-0.241694
3.24831
-0.170305
8.65149
-2.13493
-0.762742
1.08392
5.47275
8.25268
3.61151
0.647847
-0.187608
1.27486
3.93605
8.09964
-0.499342
7.58409
9.81895
0.0406366
3.32011
3.23714
3.50306
4.71217
4.0803
3.60842
0.546818
4.40335
2.8125
5.09106
3.84951
1.7517
6.09807
3.7927
0.667576
0.630818
-0.262199
-1.09359
0.267874
1.05279
8.02631
2.61567
4.27794
3.68667
2.67026
3.01823
2.29628
1.11541
4.00726
6.60724
-0.209894
1.24131
3.79579
8.25403
2.31438
2.08219
3.09225
-0.156179
9.77607
0.416957
-0.846772
5.3355
2.66921
-0.156864
7.76782
0.401876
2.49754
4.08699
1.94378
0.787724
4.69907
1.17582
3.73592
3.1059
2.70132
2.98221
2.0904
1.46914
8.90684
-1.66406
2.20166
4.23944
2.12164
2.86276
-0.342029
8.226
0.823566
-0.584937
4.21576
8.52219
-0.93073
2.25548
3.63449
4.70322
1.27033
1.31063
2.98911
3.21281
-0.336695
-1.66129
2.95766
1.00731
2.14177
-0.400134
5.47469
-0.335882
2.15605
3.36323
2.62581
5.08694
-1.47545
2.52215
0.363419
4.21919
-1.93112
3.70355
4.90492
3.80802
2.51484
3.07723
2.89306
4.3318
7.58078
0.370808
2.04801
3.31832
4.48508
7.09843
5.13011
6.48879
7.67482
2.13586
1.93601
-0.103079
4.30212
2.47726
4.64373
4.5286
7.59067
2.07094
2.64537
1.56954
8.5198
3.7354
3.58765
3.01066
4.8016
4.20381
0.110341
3.40191
2.49139
4.03549
3.77684
8.24568
0.125118
6.96778
3.39252
3.08264
4.54006
2.02339
4.78212
2.36007
3.79839
-0.42273
5.16972
0.0526298
6.07716
3.76565
-0.228422
3.28602
4.23077
5.22719
3.18515
4.59343
-0.628099
10.6923
3.17638
4.87246
3.80838
3.61768
2.7646
0.632777
3.20576
3.76945
3.157
4.21663
8.90253
3.27541
8.77577
4.22801
-0.450123
3.72595
4.95654
5.66059
2.53503
0.868813
3.5824
5.95436
-1.93433
2.33255
0.634715
-0.369427
8.16922
4.66094
3.57619
2.62979
8.79638
2.16262
3.76594
6.84181
0.601537
1.42865
4.67822
-1.09489
10.333
2.89095
2.22086
6.83628
2.15173
2.31533
1.56815
8.95964
3.03462
8.57715
-2.26632
4.26992
0.14181
4.68644
8.99273
3.84066
0.196281
2.38807
5.55447
0.724027
2.66498
4.23406
1.14158
2.97835
6.64528
-1.11169
3.69222
3.54412
2.81859
-0.686319
-0.163647
3.44981
-1.58118
7.53079
-0.764756
3.39061
1.46832
2.08156
2.93349
7.40212
5.2603
3.57974
-1.21513
3.43112
3.44642
7.61124
-1.79318
-0.0574363
0.107565
3.53383
4.63209
2.76113
2.55375
4.82555
-0.447321
8.82154
8.17465
4.56892
3.74806
1.8877
0.284299
0.629166
3.32544
4.56982
-1.0247
4.68421
0.384267
2.26857
1.00323
-1.2988
8.10099
3.39753
1.33131
4.56803
1.68135
6.03396
3.70268
8.93877
-1.18599
-1.63944
1.60784
3.94502
4.36453
1.33468
-0.205576
3.29317
0.61721
1.24948
2.75577
-1.38623
9.1136
2.26398
8.44332
7.76385
-1.22123
7.44693
3.4571
-0.0233107
4.94471
6.02951
3.19371
1.14425
3.99556
0.631136
2.41794
0.671478
1.43025
3.12378
3.18695
2.25174
5.56172
4.01543
1.83384
3.90586
0.459156
4.03298
1.74454
-0.812625
3.41998
1.77875
4.44864
4.66365
1.09197
-0.291299
-0.372506
2.43078
1.22012
8.5446
4.20392
4.34909
3.60217
0.0487093
1.55953
-1.47725
-0.819085
4.15936
0.339147
0.462049
2.12646
2.61462
3.46202
4.01566
4.35098
-1.76066
-0.387528
4.01228
0.744474
0.500576
2.2165
-0.176769
2.42835
5.30798
0.431458
2.46642
-0.315739
0.794392
5.49476
3.94702
-1.99102
4.76892
7.04054
3.00595
1.44022
1.45018
4.91573
-1.15921
-0.175267
8.56067
0.126916
3.6207
4.64068
4.82659
1.76792
0.553103
2.79823
5.73069
0.580509
8.0054
3.21814
3.57847
8.12632
-1.59929
-1.63228
0.492491
3.87408
4.1476
1.99692
3.30209
2.28975
3.87756
4.11013
0.246688
3.42214
4.03136
0.200081
9.662
6.81446
2.87933
1.03749
2.538
5.12962
5.59306
3.55722
-0.361551
7.15265
2.22833
0.986639
2.13893
4.09989
9.37384
5.07074
0.214814
1.0733
8.07402
5.60885
0.792318
10.4989
2.10215
3.43266
2.37852
1.769
-0.920598
8.76895
3.058
4.68161
0.539895
0.0587742
2.27435
4.03723
8.03624
-1.61994
7.93654
-0.533222
2.50015
4.41542
0.874236
2.60367
1.58785
0.774231
4.98755
-0.570714
-0.783177
0.820326
4.02609
2.21735
9.0066
2.68092
3.40608
2.7394
1.63777
2.28967
4.10312
2.48047
3.04408
-1.85691
0.667978
4.77725
4.36085
1.77468
4.48052
-1.14011
1.04683
0.138555
4.13981
1.17902
-0.116348
1.62743
2.17785
5.89698
1.1325
3.12866
4.43109
6.17864
4.72471
7.47931
8.17943
1.82607
2.95583
4.19699
3.12014
1.82159
1.32748
1.1439
5.35488
-1.18958
-0.370828
-1.51094
5.35944
0.139711
4.67625
-0.592317
2.51322
0.555991
-0.0603065
0.896724
1.24314
3.74199
0.0747553
-2.06473
4.86454
5.03571
4.15133
4.23517
0.0484078
-0.917537
3.20421
1.73528
6.70716
4.03109
4.35588
2.08283
5.4158
0.201611
-0.250717
-0.218607
8.33327
3.09519
-0.222415
2.50077
8.4326
5.30318
-0.351927
-0.501153
4.41575
2.99853
4.70793
3.16312
1.69137
3.60965
7.4826
0.538113
2.32319
8.11359
4.39685
4.97577
-0.914309
2.77752
3.16775
-1.18161
1.59135
7.77358
11.4577
4.74235
4.59975
2.8292
9.0685
3.68564
-0.407689
6.90713
4.22708
2.9989
4.25423
2.86728
2.01774
8.32967
3.89857
8.73035
-2.21707
2.67005
3.56846
6.53276
3.24317
7.70973
5.12413
0.861027
4.48617
7.45449
-0.705366
2.1353
2.13784
0.0057568
5.40654
-0.210318
8.3495
-0.329889
2.26927
-0.724177
1.11114
3.57079
3.12748
1.07486
1.78646
3.79773
2.93243
5.48413
2.99814
4.10524
1.15174
3.25482
4.62717
3.42784
0.638315
5.44409
4.47302
2.54935
0.342709
3.0148
0.925037
-0.984766
5.05654
0.845342
2.93322
1.97282
4.63097
3.56402
-0.0613287
2.19461
2.80914
-0.49841
3.78015
-0.5559
9.02508
0.00706465
6.08379
1.83749
-0.483458
4.3682
-1.34843
-2.14208
6.27766
2.16017
2.36916
2.26887
2.75795
7.84071
0.198133
-0.701242
-2.45374
0.0476367
0.322068
-1.41656
2.11491
5.69773
7.84938
3.80339
2.52671
-1.06757
2.3793
2.22896
2.618
2.70106
1.62989
2.58984
8.92703
3.28268
1.24522
8.48306
1.22294
6.99791
3.55829
3.05497
-0.157707
3.84819
-0.701038
1.31254
-2.41275
6.78584
2.31676
1.74272
1.15988
7.10247
-0.343157
1.99032
3.33282
4.88897
4.39245
3.61483
1.93591
-1.10082
3.82771
9.75749
2.84823
7.67583
3.81867
5.0067
4.20888
1.75261
-0.804442
2.90407
9.08488
1.13507
1.53618
3.71959
4.35973
3.07043
6.21152
-0.675207
1.07179
1.70855
6.37715
3.73278
1.59226
2.43517
6.13592
3.31298
5.32186
4.05016
5.29211
7.59605
3.74992
3.44764
3.98942
-0.83037
3.60571
1.40776
8.4377
0.257018
5.14866
6.76357
3.79649
-0.343784
1.14907
4.75474
8.18935
3.53183
2.47995
3.40257
9.52224
7.70202
3.216
2.04865
3.18975
6.73288
4.77303
2.72045
3.96169
4.52401
4.45608
-0.781896
1.55854
3.42695
1.3634
2.53456
7.96723
2.22909
2.60893
1.75337
2.50839
5.43435
1.87807
7.30385
3.05012
0.737407
4.94474
4.12115
2.51588
0.0268299
-0.0394528
4.40895
0.554413
0.95962
-0.69198
4.3573
-0.569306
4.73633
10.1049
5.43288
5.96377
2.54181
3.37753
-1.40058
-1.14289
1.80214
2.24184
4.25499
1.00417
7.63083
3.40897
0.888532
2.94145
5.05738
4.34944
1.58011
0.109466
4.2808
3.93872
0.226125
6.76747
7.12016
9.18448
4.44915
7.75056
7.8202
1.27299
2.98606
8.14814
4.72182
2.16406
-2.37042
4.20521
3.14865
3.99722
0.505287
5.54368
-2.38218
6.98011
3.05069
3.16121
-1.98058
3.2566
2.44707
0.446699
5.2511
7.84383
8.26498
-0.348519
5.13788
4.46378
3.4272
2.97272
3.68449
1.77134
3.41173
2.88611
0.272612
3.89889
7.87424
5.31257
0.667345
4.30908
4.4947
9.19607
1.05159
1.62399
3.67355
-0.32953
3.64625
-0.407229
3.28566
0.000291651
1.37257
3.10353
4.25732
-2.04922
0.342113
1.18836
2.70383
2.64948
2.40631
3.2737
1.54574
5.26826
4.51649
3.37351
-0.0543255
3.66904
6.24208
4.21048
4.66687
3.71582
3.39016
7.02086
7.10486
3.49895
5.09442
8.04216
5.4373
3.83289
3.84536
3.01324
4.20971
8.12907
0.921993
8.87227
3.78881
1.25962
2.311
-1.46839
3.83542
0.150207
3.2451
0.585971
0.406522
1.30929
2.00599
8.5828
4.91827
5.77278
2.14949
3.80315
-2.43731
-1.08753
0.728385
4.4838
2.45793
3.27557
9.21666
-1.0502
2.54987
2.97647
4.10064
0.375052
4.09491
1.05758
4.48737
2.11248
-0.999513
2.61961
1.05478
7.06051
4.95743
2.60097
1.525
3.55667
9.13312
-0.124571
4.21497
4.00081
6.89955
2.62045
4.68245
-0.511064
-0.195539
4.75307
-0.550853
3.78057
5.75567
4.91418
-0.686783
9.2496
0.642173
4.9295
4.00957
10.02
2.34187
6.70035
2.55003
-0.343628
1.46069
0.0635837
3.74341
3.99531
5.78759
-0.394648
2.98162
3.53521
8.4305
9.39271
3.69294
-0.482655
2.9583
4.56986
-0.879472
3.48297
7.39611
-0.820318
-1.63687
6.58767
2.8697
0.264823
0.690312
6.66916
0.611431
4.07425
2.69001
1.71538
3.59277
2.71302
2.05294
-0.668404
5.72019
5.34199
4.17645
1.81509
4.51537
-0.849778
1.22514
3.73131
5.5766
4.36509
1.06536
7.88162
5.41303
-0.139572
5.95307
2.09832
5.30712
6.3598
2.28802
4.42124
4.59727
3.71584
3.69816
6.4911
6.04806
1.61069
2.9091
-1.809
3.80771
5.30794
3.74286
3.30959
4.06884
4.66285
4.36324
3.57341
4.56804
1.04495
7.87181
7.98691
4.36891
0.219948
1.9444
8.48996
0.416282
2.93806
4.44317
5.15305
-0.228481
0.0323562
4.52638
1.39893
2.56772
2.40016
3.06658
3.16748
1.20556
3.51166
4.85082
3.48764
2.39986
-0.191274
-1.56449
3.87682
3.53502
2.65414
3.73656
3.78215
3.4819
3.33107
8.65783
4.80252
2.50292
7.60924
2.22679
3.3828
0.374613
4.55763
3.66793
2.25785
7.56497
2.44574
6.72686
3.49082
2.03929
1.41605
0.558123
3.50037
0.613904
8.77524
3.30911
0.295164
3.77825
8.99647
6.42211
4.44694
7.6087
4.03812
2.40934
3.00434
-1.06315
3.15105
4.65098
4.22185
3.40632
7.77465
-1.67173
2.81574
2.82209
3.29931
-0.448385
0.313942
2.82708
-1.16317
-0.495936
4.24865
2.85688
2.87858
1.09083
3.88228
1.48957
-1.89927
2.87288
1.95841
4.52583
0.893075
-0.35707
3.40766
3.63188
2.67706
2.74123
-1.05877
3.48387
8.93214
-1.21393
-1.18284
3.87811
4.24092
4.84716
4.34457
3.97601
0.630067
4.86677
4.06903
-0.392023
2.11832
0.886519
2.79717
5.1768
4.30949
-0.24741
6.7704
0.915583
1.90703
-1.55015
8.73774
0.160834
0.59041
7.74432
-2.97683
4.25637
4.63686
3.11763
3.47705
2.2595
1.82444
1.28561
3.75938
0.736894
4.67107
2.56091
3.43334
1.77671
-0.0308552
8.61346
0.610745
1.58238
0.00494416
4.44149
3.15405
3.60994
0.107839
5.80574
3.98439
2.57944
3.57292
2.17546
-0.530695
1.66067
1.72832
2.96258
4.61379
-0.213525
3.07751
0.645669
5.2279
3.32705
1.14696
1.68693
-0.814596
0.167725
3.98317
1.78585
4.43509
1.04383
1.72567
8.6619
3.63848
3.04384
2.87608
2.16038
3.65021
-0.0738168
4.61485
3.69935
4.04793
7.15268
2.32306
-0.639863
3.73796
5.16507
2.3584
3.81952
-0.562281
8.69082
0.813476
0.351432
8.33645
1.61461
4.47875
4.78463
3.55342
5.85533
2.42147
3.72499
1.59194
2.97835
-0.624814
2.24145
8.8435
3.33037
1.75548
5.59291
3.3785
0.914417
-1.4869
1.07486
-0.109558
3.86123
8.93436
0.888176
3.15242
-0.0759596
-0.589248
3.88817
7.67104
2.98124
2.96817
4.14684
2.31498
3.16785
7.09601
1.91769
2.86965
4.41678
0.611365
3.20249
-1.12117
6.57722
4.49776
1.29871
6.49838
2.23582
0.266282
3.53767
-1.87285
6.77908
3.66909
3.35727
3.05947
3.06517
2.78466
5.31644
4.86155
1.77881
3.66412
2.45452
1.99387
4.96439
-0.415539
3.52803
3.50551
2.08388
4.04353
3.83603
3.9832
3.15706
0.856741
8.15678
5.75458
2.70704
2.36355
4.71283
2.42801
0.0447522
8.77642
9.46444
2.27498
3.75849
5.38128
-0.724811
0.0716479
8.21913
0.282866
3.35553
-1.53107
3.22036
0.567448
-0.869344
4.72696
0.743973
3.62169
2.02515
0.429268
1.58999
3.07983
8.72464
4.01545
1.63211
2.08067
1.64065
2.30166
0.997184
7.88984
3.11604
2.43765
4.2196
0.14968
-0.00687666
4.39124
4.16268
3.44168
0.400955
5.78412
6.44592
4.02203
2.67537
8.59548
-0.0076551
2.32521
3.41785
8.10348
5.90374
1.63717
1.77088
3.44534
-1.51666
3.07744
7.33343
3.32619
-2.04915
-0.106279
3.03979
4.53465
5.16032
3.46866
4.06711
3.45197
2.04514
3.52196
1.21328
2.2026
-0.582786
2.49451
7.75013
7.32978
0.751982
3.55491
-0.800444
0.209817
2.60146
2.69214
4.29976
8.66989
8.58903
5.91473
1.645
3.78401
0.533242
4.95283
-0.297994
3.26643
5.51461
3.66679
7.76178
4.30755
0.818297
-1.15176
3.80319
1.18681
4.19615
2.86779
2.85486
3.03084
1.1147
1.04884
3.45035
0.722003
4.08709
0.337098
0.741377
-1.67062
-0.368513
9.46305
4.07794
0.525785
4.63902
3.21755
7.93625
6.71473
8.66753
1.37926
3.62733
2.82273
3.84345
5.48522
3.65049
0.0528391
4.27864
4.19679
3.16103
1.89679
0.728913
3.89075
7.11984
4.50447
1.96155
1.1874
3.66334
-0.375365
-0.329842
4.12121
4.53308
-0.691845
2.57622
2.13622
3.61499
3.65984
3.73779
3.74743
2.94677
3.3012
4.78755
3.23201
4.24686
3.69841
-0.830069
4.5599
4.95074
6.98959
-0.522324
1.42942
3.35399
2.03702
4.04907
0.311737
-0.254105
4.36392
0.280474
3.77014
7.67162
9.77712
4.36149
0.203005
4.18315
2.66398
5.1799
3.97433
5.1907
5.1552
3.84622
-0.194397
2.58446
3.26564
5.33363
1.08443
3.71832
7.10034
-0.1136
5.18339
-0.018424
4.68726
3.11705
4.93884
7.66815
3.71535
2.62515
3.47502
8.80797
2.59706
3.8035
3.32285
2.90706
4.55494
2.89002
-1.62993
2.00542
4.5215
3.16412
8.63704
3.28779
3.68589
3.05493
3.37683
0.762755
8.42719
1.4015
0.274266
1.60029
0.401416
-0.273569
1.36015
1.17815
3.30623
-1.02645
-1.635
1.66193
1.00394
-0.419935
8.04232
2.07939
5.70176
3.86958
3.31843
-0.057614
4.12659
1.09957
0.416258
5.41939
1.12487
7.21511
7.854
-0.37103
1.43627
4.4904
0.926288
3.1946
0.791223
1.09673
8.42369
0.278111
1.18168
7.5089
-2.16339
3.30177
7.31518
3.08488
8.37524
3.4725
4.58541
8.57795
4.78834
-1.94446
1.38636
0.496493
3.99601
-0.158243
1.19035
2.78479
3.56475
3.2856
2.26259
4.22146
-0.128234
2.68957
5.28688
1.85823
2.70661
2.85426
-1.4896
0.541773
4.77567
3.04412
-2.09288
-2.56183
2.37424
5.34953
3.85795
-0.544037
-0.630416
1.18444
4.67072
1.78329
7.77484
3.48317
3.41425
2.68501
2.95632
4.21159
4.63574
0.926105
2.00176
6.20075
2.7801
5.47879
0.672166
7.80496
0.878679
6.15711
3.43431
1.18816
7.63181
3.92099
4.42921
-0.831021
1.66949
2.91881
3.96116
9.55886
3.09918
3.14526
4.65143
4.23254
-0.435006
3.14693
7.77552
8.17412
2.01504
1.79088
3.34801
0.808162
3.83967
3.42287
-0.124246
4.26913
2.91963
5.23745
-0.390214
0.279095
1.51819
2.31668
2.24628
5.26839
1.50377
2.25746
1.86834
3.13873
3.82163
4.22566
8.61405
1.5797
0.106893
1.20572
0.650505
3.77476
-1.37945
3.60631
4.11861
1.03312
2.57501
0.263875
2.86441
3.53258
0.266398
8.02301
4.53088
3.27211
3.97031
2.14015
6.19904
2.71947
-0.134065
4.69857
-0.925951
-1.14414
3.39034
2.18509
5.38728
1.28731
2.86219
3.41826
3.12899
-0.164097
1.22046
1.66153
4.15552
4.31148
8.66986
2.7949
3.64719
2.01627
1.30568
8.10866
8.43199
3.26048
3.79919
5.82096
8.33359
6.8692
8.01314
3.10314
2.3134
2.06064
3.53187
3.03092
4.58968
10.0158
1.38641
-0.206402
5.94224
5.65655
4.69476
1.5166
1.43101
1.02002
2.97252
-1.74251
0.804462
9.47144
2.7769
0.785933
2.01222
3.58188
1.95198
4.51205
3.11579
3.52989
4.18289
-1.28433
5.9474
3.30024
4.92945
4.24417
3.28676
2.82273
0.737792
5.6878
4.11148
4.1613
2.53025
1.25955
0.00960625
3.79379
0.911806
4.90709
2.13674
2.38004
1.18874
3.36164
2.36357
1.12727
4.1561
6.73241
3.25734
-0.518967
3.58419
1.5377
1.73478
4.92348
4.34026
1.54063
0.530373
3.49867
4.49441
2.437
7.41253
7.91973
1.20501
4.99913
9.062
3.68789
3.32334
7.14553
-0.291056
2.46513
2.89201
5.66146
1.98767
3.65899
2.72782
6.94245
-0.0129039
1.8136
0.390681
4.17879
-0.690726
3.21357
4.27279
-0.0342725
6.15287
5.18567
3.31188
4.87867
4.07432
4.10971
3.95639
0.651535
3.63224
-0.533416
1.701
3.24354
-0.0970921
1.36507
2.866
2.70176
1.70704
4.63495
2.90848
4.09489
8.96505
7.71669
8.15993
-0.0552194
2.84041
5.49851
-1.17937
5.27675
4.29163
-0.562318
2.27431
1.63493
4.34884
5.04677
3.32462
4.31692
3.95311
8.63893
4.79963
3.22368
1.47494
5.01181
-0.539423
7.9377
2.94125
3.28472
4.03782
2.47951
-0.490946
3.72573
3.9758
8.57209
2.30923
2.48574
-0.0217602
1.92577
3.38811
0.957244
3.04797
1.16557
2.60432
0.824803
0.463552
3.36537
2.4844
3.21216
4.80782
4.01517
9.33055
4.83619
2.9474
7.52028
3.18249
4.03614
4.45167
1.32456
9.40493
8.57493
3.49746
1.55246
3.72853
3.35229
1.13476
2.44965
0.766402
2.94737
-0.0899885
0.128987
0.759902
0.968824
0.106519
6.39239
3.31162
0.0615024
5.09968
-0.161362
4.0128
1.48934
7.42663
4.26025
4.87528
4.65737
-1.2518
0.927185
3.77012
3.91987
8.55483
3.04316
4.7458
4.29689
2.95743
-0.844349
3.33739
3.96795
3.14965
-0.906038
4.45356
0.0585271
2.10845
0.69854
-0.760403
4.79173
-1.45882
4.36549
5.63884
6.61858
3.49613
5.00189
1.04008
3.08635
3.79354
2.49999
5.29583
4.67486
-0.706529
4.64367
4.44314
